11049274
23736431
9049609
9420705
724684
15984777
8628719
4529677
7571985
19621434
23736069
20573331
18464506
6887560
8975276
11907450
14597039
24243661
7374533
6892186
20488072
24274651
9754772
3729091
23606380
22274614
3247588
2602683
18880764
16075256
24356089
1057297
20059876
1275886
14733222
22226810
3643704
435122
24282120
2613590
2430544
23759450
8457990
3930874
5290223
2376959
24285532
15550119
23123725
8746119
5481755
2663781
16807517
22440648
10300593
23886296
18070114
17034219
1623227
8112299
8625791
23864614
6908085
24241687
10025778
4148030
4369874
11730052
2705485
24249032
9234691
4153230
1333580
23880872
21014035
20177979
13313347
10294790
5348817
11468876
7817414
6960301
13756263
7069741
18075848
23864402
3505807
16949660
5124322
18154273
3773675
10646927
10365710
14156822
3247614
24538010
7387709
9745076
3539113
4869695
15662066
3746098
18227153
7523291
11930608
22514800
11868290
23719651
21954826
24385053
17611573
6087
21919751
13771078
8152831
6083557
1520079
9745570
11339059
8648280
19158244
21677018
14883275
8718809
22683374
18693133
13740009
8233476
11817455
12804154
6710025
5054201
15547875
14396296
22592143
6478767
11959342
10977039
8675135
3586214
8440247
8942075
13869102
8522503
8193701
16918194
8895542
22592417
21609627
23648620
14882597
5525977
4725927
24264761
4995867
10161380
8203187
6712535
1493958
20487062
6497222
8942097
487958
24537922
12120376
23856725
7842829
5670913
13881458
4499256
10510478
7524427
23980477
17863000
6096301
19735939
19489966
19751693
21327961
8188957
20415896
23970213
9752546
788956
16000368
8287574
21861200
400816
12900470
21028040
8971062
23735989
8209965
13802764
23551256
17826718
8623691
3133679
1319346
6859808
9944150
1638575
19138465
21609427
8468565
2805473
4506920
23736039
3855285
5802222
8973360
1319236
5640212
16248121
24537994
7139936
12770867
6364346
18841314
21639650
20876000
10115408
20476708
18454647
23901307
933140016
8315833
12901000
166743977
20453830
13781558
24357003
17688129
3906369
23773391
10786414
8525401
4188005
11834170
9027877
20439860
19104903
24158503
1799885
5845078
10645757
19110782
8994318
8077598
6873553
23436991
10207781
23004327
12570206
23935977
348427
22440714
15613810
22035193
19439919
1978654
17399475
8520543
1215111
8005997
15983511
8479560
23850453
2430758
24432661
23073997
20920711
23876159
23989201
24356437
23551582
8134648
10833752
8935294
1314057
20815192
10327559
8520765
24255217
14396122
8320013
8242340
15612418
18208372
16213240
9343747
7359833
1631031
6269358
2277071
1520241
13454034
8465329
3645672
8127533
8139752
23785721
12502971
8401801
9841444
9978337
1813283
22846169
10654655
3775049
4867203
6873861
8700875
6442684
8258809
7875850
23970287
11547766
23914565
16955674
23630308
5570383
19751209
16203724
4571719
9251300
5892366
18354205
6460665
24356263
9436439
8440991
11688556
8920581
11937967
14267518
20438374
7026409
13803636
11136380
8336286
14269114
4147366
3240407
18106868
6200372
23970361
22957045
18450629
17533791
22976272
23871877
12036605
11015951
5587882
19761978
2323410
14364090
8522117
4599975
9841714
9533695
16233377
3646108
23184751
22130213
23286987
23894204
23780481
8544833
9349291
1238069
8673171
8648006
24422911
6269292
22592111
23980613
6177568
8546073
23597189
8612083
8420976
11688320
18094325
16837126
22592027
8151115
19376624
8315605
17405835
14836139
23850771
18927902
11916237
23970269
16247337
6084639
10116938
14365506
400540
14172507
2927219
10525953
2678276
2828006
15907989
4153184
9370976
21464256
8741019
4084458
1748745
13753663
8401381
2821816
12194350
19017107
21517040
20026253
12788120
11049784
17864362
4573819
16806507
505374
3775989
23844953
397456
11673184
23719313
4594215
19112974
4352686
21195266
8134946
6163115
10395697
9370706
1722313
22000720
916533
18105240
17078423
10634089
12232336
21860182
8849829
1326129
11654354
3322000
13872672
23786017
1319264
18450059
3060252
22162042
18260323
15894414
5781269
942110019
4573975
7371499
8449084
13624581
8284784
7846067
23886370
10294658
22253907
12981415
10645809
24373012
8626867
18227503
9407516
12222394
24537970
12034215
5781417
1319492
12105172
8392902
8467197
12103728
2900129
23970771
19736013
23785791
8548821
12186625
16130343
15513296
8991864
2805077
7388007
6289477
19743826
3192080
7651759
13399933
16131669
8111847
8524487
22152375
18156767
23736091
23949599
272607
8441035
8524283
16877262
1399000
8422706
1827300
4710428
20986743
8743361
2210148
4505596
5769819
15893894
16811859
13660337
1997546
16662827
10996215
1919682
4198118
6383979
10655699
16808203
10606012
5801078
23997386
8933518
6105975
1318986
15085613
17532979
8145130
7518821
14268912
23773369
5524989
7445287
12576066
5909185
10819236
19506226
24432171
3808413
11258600
9250818
6884216
18227465
13771804
23735817
4994035
8151187
2806777
24287054
12068316
20814414
8673537
23588128
15400174
3247598
10695801
21539230
9211186
22290177
12664628
19735939
21166239
588176
12069362
23123207
8330480
2965686
2580519
504706
2188061
20179473
5781483
23850369
19334485
10339194
23838566
15569747
4546478
23838192
6844139
24264873
7016407
13324444
3808327
20435308
1487590
20454582
8127607
22152611
23763159
15078400
10396901
15380059
7171118
1748753
3272708
6163201
20814506
15968453
2507373
165912326
8759151
4547808
1017863
23970777
6711911
13324644
6335992
18578815
22151387
166174245
13698839
4682494
8364342
17864266
7879518
1239421
24013583
20091016
22165088
6886648
4710634
8125293
17356977
23901145
1748585
8295203
